cam3:
             FocalLength: [628.5559 627.9042]
          PrincipalPoint: [644.4944 371.4139]
               ImageSize: [720 1280]
        RadialDistortion: [-0.0729 0.1014]
    TangentialDistortion: [0 0]
                    Skew: 0
                       K: [3×3 double]
                       \


  -0.842106   -0.539181  -0.0119176   -0.127831
-0.00256776   0.0261059   -0.999655      -0.019
   0.539306   -0.841786  -0.0233685   0.0310201
          0           0           0           1

  -0.850471   -0.525887  -0.0119176   0.0310208
-0.00215739    0.026143   -0.999655  -0.0136081
   0.526017   -0.850153  -0.0233685   -0.280648
          0           0           0           1



cam1
CAMERA_MATRIX = np.array([[633.3955, 0, 638.5496],
                          [0, 633.1321, 373.7600],
                          [0, 0, 1]], dtype=np.float32)

DIST_COEFFS = np.array([-0.0560, 0.0253, 0.0000, -0.000, 0.000000], dtype=np.float32)


  0.996972 -0.0722819 -0.0286596  0.0101957
 -0.030787 -0.0284948  -0.999119 -0.0118579
 0.0714016   0.996978 -0.0306341 -0.0786262
         0          0          0          1

cam2:

  cameraIntrinsics with properties:

             FocalLength: [630.8010 630.6018]
          PrincipalPoint: [626.5921 372.1486]
               ImageSize: [720 1280]
        RadialDistortion: [-0.0610 0.0708]
    TangentialDistortion: [0 0]
                    Skew: 0
                       K: [3×3 double]



   0.364303    0.930796  -0.0299967   0.0220358
  0.0221934  -0.0408783   -0.998917 -0.00875454
  -0.931016    0.363244  -0.0355499  -0.0944989
          0           0           0           1




CAM4
ans = 

  cameraIntrinsics with properties:

             FocalLength: [630.0727 629.5730]
          PrincipalPoint: [642.9044 360.8640]
               ImageSize: [720 1280]
        RadialDistortion: [-0.0635 0.0718]
    TangentialDistortion: [0 0]
                    Skew: 0
                       K: [3×3 double]

  -0.77692   0.629056 -0.0261801    0.18883
 0.0488399  0.0187591   -0.99863   0.188644
 -0.627703  -0.777135 -0.0452975   0.438483
         0          0          0          1

Transfromation Matrix:
 -0.774624   0.631881 -0.0261801   -0.13814
 0.0489079  0.0185811   -0.99863    0.14051
 -0.630529  -0.774844 -0.0452975  -0.403813
         0          0          0          1


 -0.784275   0.620183 -0.0169637  -0.111989
0.00104794 -0.0260181   -0.99966 -0.0690037
 -0.620414  -0.784027  0.0197553     -0.019
         0          0          0          1

 -0.779548   0.625872 -0.0243236 -0.0628233
0.00601133 -0.0313562   -0.99949 -0.0179807
 -0.626315  -0.779297  0.0206812 -0.0554585
         0          0          0          1

 -0.772949   0.634221 -0.0177683 -0.0318868
0.00579227 -0.0209498  -0.999764 -0.0201867
 -0.634443  -0.772869  0.0125194  -0.187717
         0          0          0          1

  -0.776079    0.630406  -0.0171011 -0.00934934
 0.00111168  -0.0257493   -0.999668  -0.0204035
  -0.630636    -0.77584   0.0192826   -0.178968
          0           0           0           1

  -0.769435    0.638498  -0.0171011 -0.00934934
0.000841978  -0.0257595   -0.999668  -0.0204035
  -0.638726   -0.769194   0.0192826   -0.178968
          0           0           0           1



cam5

            FocalLength: [638.3315 638.1820]
          PrincipalPoint: [639.1726 366.2761]
               ImageSize: [720 1280]
        RadialDistortion: [-0.0607 0.0808]
    TangentialDistortion: [0 0]
                    Skew: 0
                       K: [3×3 double]

    0.255102    -0.966869  -0.00949949 -0.000520773
  -0.0315722      0.00149      -0.9995    -0.011933
    0.966399     0.255273   -0.0301462   -0.0625495
           0            0            0            1

  0.235879  -0.971721 -0.0110253  -0.159018
-0.0293452 0.00421782   -0.99956 -0.0131993
   0.97134   0.236098 -0.0275206  0.0422526
         0          0          0          1

   0.236444     -0.9716 -0.00949949   -0.159251
 -0.0315377  0.00209743     -0.9995  -0.0135591
   0.971133    0.236624  -0.0301462   0.0413836
          0           0           0           1

    0.25674   -0.966435 -0.00949949  -0.0277339
 -0.0315747  0.00143649     -0.9995  -0.0156065
   0.965965     0.25691  -0.0301462   0.0678243
          0           0           0           1

   0.236444     -0.9716 -0.00949949   -0.108912
 -0.0315377  0.00209743     -0.9995  -0.0117843
   0.971133    0.236624  -0.0301462  -0.0333204
          0           0           0           1

    0.25674   -0.966435 -0.00949949  -0.0663521
 -0.0315747  0.00143649     -0.9995  -0.0174611
   0.965965     0.25691  -0.0301462    0.141484
          0           0           0           1

